&CHANNELS2LOAD
I__number_of_channels=272
I__channels=
    7,   16,   49,   55,   57,   61,   63,   70,   72,   74,
   79,   81,   83,   85,   87,   89,   92,   95,   98,  100,
  104,  106,  109,  111,  113,  116,  119,  122,  125,  128,
  131,  133,  135,  138,  141,  144,  146,  148,  151,  154,
  157,  159,  161,  163,  167,  170,  173,  180,  185,  187,
  193,  199,  205,  207,  212,  214,  216,  218,  220,  223,
  225,  227,  230,  232,  236,  239,  243,  246,  249,  252,
  254,  260,  262,  265,  267,  269,  275,  282,  294,  296,
  299,  303,  306,  326,  327,  345,  347,  350,  353,  356,
  371,  373,  375,  377,  380,  382,  384,  386,  389,  398,
  401,  404,  407,  410,  416,  426,  428,  432,  434,  439,
  456,  546,  552,  559,  566,  570,  572,  578,  662,  668,
  693,  699,  756,  867, 1027, 1194, 1271, 1461, 1464, 1478,
 1479, 1480, 1534, 1538, 1539, 1540, 1579, 1636, 1643, 1654,
 1685, 1966, 2186, 2266, 2267, 2268, 2270, 2273, 2295, 2302,
 2322, 2323, 2328, 2341, 2369, 2370, 2377, 2378, 2397, 2398,
 2431, 2455, 2456, 2460, 2465, 2482, 2498, 2505, 2508, 2509,
 2510, 2527, 2552, 2575, 2583, 2606, 2607, 2617, 2624, 2630,
 2631, 2641, 2645, 2670, 2671, 2672, 2674, 2675, 2678, 2679,
 2683, 2686, 2691, 2693, 2694, 2699, 2701, 2704, 2722, 2733,
 2745, 2746, 2760, 2764, 2767, 2777, 2780, 2782, 2786, 2790,
 2816, 2818, 2836, 2851, 2859, 2868, 2872, 2888, 2907, 2916,
 2919, 2921, 2927, 2932, 2942, 2952, 2960, 2969, 2975, 2991,
 2995, 2996, 2997, 2998, 3002, 3009, 3018, 3019, 3020, 3021,
 3022, 3047, 3053, 3055, 3083, 3093, 3094, 3095, 3097, 3101,
 3102, 3116, 3141, 3161, 3165, 3244, 3249, 3252, 3256, 3278,
 3279, 3282, 3283, 3308, 3311, 3342, 3354, 3446, 3580, 3584,
 3585, 3653,
 8189*-1/
